	22	29	15	24	36	5	20	25	3	31	38	52	10	4	43	46	28	23	32	37	48	12	14	35	50	6	21	30	42	75	26	55	57	58	60	64	65	66	71	72	73	78	81	85	86	90	92	96	11	13	56	59	61	67	68	69	74	76	77	80	82	83	84	87	89	91	93	94	95	47	16	19	45	8	1	34	9	18	2	40	33	17
aDC	0	0	0	0.0775	0	0	0	0	0	0	0	0	0	0	0	0	0	0	0	0	0	0.0058	0	0	0	0	0	0	0	0.0039	0	0	0	0	0	0	0	0	0	0	0	0	0	0	0	0	0	0	0	0	0	0	0	0	0	0	0	0	0	0	0	0	0.0169	0	0	0	0	0	0	0	0	0	0.0221	0	0	0	0	0	0	0	0	0
Adipocytes	0.0341	0	0	0.002	0	0	0	0.009	0.011	0.0071	0.0091	0.0033	0	0	0	0	0	6e-04	0.0045	0.0026	0	0	0	0	0	0	0.0167	0	0	0	0	0	0	0	0.0132	0	0	0.0054	0	0	0	0	0.0015	0	0	0	0	0	0	0	0	0	0	0.0016	0	0	0	0	0	0	0	0	0	0	0	0	0	0	0	0	0.0363	0	0.0025	1e-04	0	0.0304	8e-04	0	0	0.0119	0	0.017
Astrocytes	0.0231	0.1546	0.0615	0.1542	0	0.0431	0.03	0.0456	0.0014	0.0453	0.0359	0.0744	0.1091	0	0.0536	0.0559	0.0608	0.0057	0.004	0.0269	0.0489	0.0123	0.0277	0.0043	0.0501	0.0329	0.1535	0.0202	0.0614	0.0354	0.0111	0.0226	0.0159	0.0302	0.0985	0.0375	0.0111	0.0528	0.0129	0.0399	0.0178	0.0318	0.0411	0.0417	0.0198	0.0313	0.0142	0.0523	0.0444	0.0329	0.036	0.0485	0.0215	0.0231	0	0.0166	0.0257	0	0.0136	0.0241	0.0325	0	0.0276	0.0293	0.0297	0.0056	0.0129	0.0091	0.0323	0.0305	0.0715	0.0289	0.0225	0.0569	0.0474	0.0482	0.0577	0.0245	0.1355	0.0747	0.0263	0.0146
Basophils	0.2368	0.3978	0.2035	0.2355	0	0.0494	0	0	0.2448	0.2012	0.159	0.0922	0.1157	0.1183	0.1326	0.0094	0.1025	0.1262	0.0549	0.0936	0.2	0.0762	0.1219	0	0.0704	0.1275	0.0593	0.0365	0.071	0.0095	0.0444	0.0823	0.0107	0.0026	0.0039	0.0632	0.0986	0	0.058	0.0606	0.0046	0.0352	0.0353	0.0872	0.0625	0	0.0377	0.0436	0.059	0.139	0.054	0.0142	0.0956	0.0196	0.0368	0.0466	0.0214	0.0268	0	0.0951	0.0407	0.017	0.1343	0.0459	0	0.0078	0.086	0.0398	0.1203	0.1493	0.1087	0.1709	0.2331	0.1246	0.0734	0.2326	0	0.1134	0.1667	0.0812	0.0316	0
B-cells	0.34	0.0091	0.5409	0.3335	0.1922	0.1176	0.3379	0.115	0.1738	0.0629	0.4228	0.08	0.0582	0	0.2423	0.7202	0.1263	0.2279	0.1749	0.2384	0.183	0.0347	0.0594	0.2095	0.3615	0.0929	0	0.3256	0.5786	0.2853	0.0394	0.0642	0.0679	0.0819	0	0.059	0	0	0.0434	0.0441	0.0192	0.0385	0.1005	0.0481	0.0232	0.301	0	0.1972	0.5514	0.109	0.0564	0.0162	0.0727	9e-04	0.0466	0.0026	0.0533	0.0458	0	0.1784	0.0238	0.0341	0.0188	0.1254	0.0485	0.0257	0.0114	0.1021	0.1555	0.8084	0	0.0576	0.5624	0.666	0.7275	0.2128	0.5974	0.2298	0.1579	0.0959	0.0424	0
CD4+ memory T-cells	0	0	0.0167	0	0	0.0025	0.0101	0	0	0	0	0	0	0	0	0.005	0	0	0	0	0	0	0	0	0.004	0	0	0	0.0028	0.0047	0	0	0	0	0	0	0	0	0	0	0	0	0	0	0	0	0	0	0.0043	0.0128	0	0	0	0	0	0	0	0	0	0	0	0	0	0	0	0	0	0	0	0.0155	0	0.0014	0	0.0111	0.0209	0	0.0096	0	0	0	1e-04	0
CD4+ naive T-cells	0.0501	0	0.1047	0.0833	0.0344	0.0263	0.036	0.0201	0.0216	0	0.0346	0.0339	0.0339	0	0.0435	0.1524	0.0116	0.0086	0	0	0.0357	0	0	0.0435	0.0578	0.0331	0.0116	0.0337	0.1288	0.0238	0	0	0	0	0	0	0	0	0	0	0	0	0	0	0	0	0	0.0319	0.1202	0	0	0	0	0	0	0	0	0	0	0.0059	0	0.0091	0	0	0	0	0	0	0	0.0501	0	0	0.0777	0.0796	0.1138	0.0268	0.0821	0.0206	0.014	0	0	0
CD4+ T-cells	0	0	0	0	0	0	0	0	0	0	0	0	0	0	0	0	0	0	0	0	0	0	0	0	0	0	0	0	0	0	0	0	0	0	0	0	0	0	0	0	0	0	0	0	0	0	0	0	0	0	0	0	0	0	0	0	0	0	0	0	0	0	0	0	0	0	0	0	0	0	0	0	0	0	0	0	0	0	0	0	0	0
CD4+ Tcm	0.0441	0	0	0.0393	0.0258	0.0024	0.0346	0	0	0	0.0035	0	0	0	0	0	0	0.0049	0.0173	0.0229	0	0	2e-04	0.0374	0	0	0.0099	0.0076	0	0.0095	0	0.0028	0	0	0.0062	4e-04	0	0	7e-04	1e-04	0	0	0.0044	5e-04	0	0.0055	0	0.001	0	0.0129	0	0.0175	0	0.0088	0.013	0	0.0027	0	0	0	0	0.0032	0.0047	0	0	0	0	0	0	0	0	0	0	0.0132	0	0	0	0.0049	0.0209	0	0	0
CD4+ Tem	0	0	0	0	0	0	0	0	0	0	0	0	0	0	0	0	0	0	0	0	0	0	0	0	0	0	0	0	0	0	0	0	0	0	0	0	0	0	0	0	0	0	0	0	0	0	0	0	0	0.0139	0	0	0	0	0	0	0	0	0	0	0	0	0	0.0307	0	0	0	0	0	0	0	0	0	0	0	0	0	0	0	0	0	0
CD8+ naive T-cells	0	0	0	0	0	0	0	0	0	0	0	0	0	0.0011	0	0	0	0	0	0	0	0	0	0	0	0	0	0	0	0	0	0	0	0	0	0	0	0	0	0	0	0	0	0	0	0	0	0	0.0058	0	0	0	0	0	0.0013	0	2e-04	0.0034	0	0	0	0	0	0	0.0011	0	0	0	0.0022	0.0144	0	0	0.0155	0	0	0	0	0	0	0	0	0.0069
CD8+ T-cells	0.0742	0	0.1407	0	0.0192	8e-04	0.0368	0	0	0	0	0	0	0.0041	0.0322	0.104	0.0098	0.0239	0.0063	0	0.0163	0	0	0.0103	0.0288	0.0052	0.0278	0.0145	0.0579	0.0145	0	0	0	0	0	0.0048	0	0	0	0	0	0	0	0	0	7e-04	0	0.0021	0.1907	0	0	0.0222	0	0	0	0	0	0	0	0	0	0	0	0	0	0	0	0	0	0.0598	0	0.0494	0.2054	0.0808	0.0283	0.0013	0.1053	0.1135	0	0	0	0.0131
CD8+ Tcm	0.137	0.0263	0.2483	0.0453	0.0791	0.066	0.0992	0.0351	0.1135	0.039	0.0508	0.0502	0.0505	0.0818	0.1193	0.1675	0.1018	0.0751	0.0531	0.0273	0.1569	0.0192	0	0.0629	0.1098	0.1143	0.0584	0.0601	0.1442	0.0857	0.023	0.0023	0.0297	0.0445	0	0.0615	0.0256	0.0117	0.0528	0.0101	0.0174	0.0172	0.036	0.0082	0.0331	0.0781	0.0159	0.0848	0.2863	0.0604	0.0313	0.0518	0.0224	0.01	0.0322	0.0161	0.0201	0.0403	0.0421	0.0588	0.014	0.0353	0.0693	0.0351	0.0087	0.0211	0.005	0.0137	0.0371	0.1867	0	0.1202	0.3039	0.1847	0.1412	0.0625	0.16	0.1881	0.0346	0.045	0.0573	0.0566
CD8+ Tem	0	0	0.0513	0	0	0	0	0	0	0	0	0	0.0017	0.0125	0	0.0354	0.0078	0	0	0	0.0049	0	0	0.0055	0	0	0	0.0061	0.0052	0	0	0	0	0	0	0	0	0	0	0	0	0	0	0	0	0	0	0	0.061	0	0	0	0	0	0	0	0	0	0	0	0	0	0	0	0	0	0	0	0	0.0011	0	0	0.0162	0.0225	0	0	0	0	0	0	0	0.0011
cDC	0.0645	0.0193	0.1428	0.1517	0.0293	0.0334	0.0629	0.0157	0.0547	0.0711	0.1456	0.0935	0.1246	0	0.096	0.1581	0.0885	0.0267	0.0355	0.0467	0.1207	0	0.0329	0.0452	0.1164	0.0991	0.0139	0.0464	0.1776	0.08	0.0989	0.0236	0.0086	0.0697	0.0132	0.0331	0.0505	0.0597	0.0467	0.0717	0.0441	0.0433	0.0791	0.0617	0.0329	0.0844	0.0443	0.0714	0.1251	0.0957	0.0442	0.0266	0.0967	9e-04	0.0333	0.0275	0.0577	0.0416	0.0665	0.0799	0.0465	0.041	0.052	0.1193	0.0275	0.0781	0.0291	0.0381	0.0462	0.2301	0.0927	0.1842	0.3324	0.2039	0.1602	0.1917	0.269	0.0752	0.0559	0.0769	0.0706	0.0111
Chondrocytes	0.0059	0.0713	0.0116	0.0558	0.0325	0.0087	0.0117	0.0281	5e-04	0	0.0249	0.0045	0.0291	0	3e-04	0.0028	0	0.008	0	0.009	0	0	0.0207	0	0.0067	0.0012	0.0586	0.0061	0.0037	0.0025	0.0106	0.004	0.009	0.001	0.0734	0.0036	0	0.0166	0	0.006	5e-04	0.003	0.0109	0.0062	0.0036	0	0.0067	8e-04	0.008	0	0	0.0156	4e-04	0.0017	0	0.0106	0.0067	0	0.0315	0	0.0129	0	0.0106	0	0.012	0	0.0056	0.0027	0	0	0.1416	0.0128	0	0	0	0.0146	0.0118	0	0.0453	0.0286	0	0.0241
Class-switched memory B-cells	0.0846	0	0.1532	0.1026	0.0519	0.0148	0.1145	0.0297	0.061	0.0155	0.0816	0	0	0.0175	0.0504	0.1894	0	0.0769	0.0712	0.0555	0.0459	0.0124	0	0.05	0.1538	0.0204	0	0.0458	0.1506	0.0656	0.0206	0.0276	0.0137	0.0606	0	0.0309	0.0112	0.0086	0.0302	0.0186	0.0011	0.0265	0.003	0.034	0.0325	0.0543	0.0109	0.0474	0.1549	0.0239	0.0361	0.0208	0.0465	0.0094	0.0194	0.0201	0.0272	0.0456	0.0173	0.0301	0.0069	0.0162	0.0101	0.0359	0.0234	0.0252	0.0165	0.0195	0.0524	0.3104	0	0.0555	0.1629	0.2172	0.1775	0.0583	0.0953	0.0421	0.0172	0.0684	0.0185	0
CLP	0	0.0041	0	0	0	0	0	0	0.0045	0	0	0	0	0.0078	0	0	0	0	0.0038	0	0	0.0067	0.0084	0	0	0	0	0	0	0	0.0092	0.007	0	0	9e-04	0	0.0033	0	8e-04	0.0064	0.0137	0.0017	0	0.0073	0	0	5e-04	0	0	0.0032	0.003	0	0.0062	0.0097	0	0.0066	3e-04	0.0192	0.0391	0.012	6e-04	0.0151	0.0043	0	0	0	0.012	0.0083	0.02	0.0038	0	0.0336	0	0	0	0	0	0.0169	0	0.005	0.005	0
CMP	0	9e-04	0	0	0.0035	0	0	0	0	0	0	0	0	0	0	0	0	0	0	0	0	0	0	0	0	0	0.013	0	0	0	0	0	0	0	0.0052	0	0	0	0	0	0	0	0	0	0	0	0	0	0	0	0	0	0	0	0	0	0	0	0	0	0	0	0	0	0	0	0	0	0	0	0.0148	0	0	0	0	0.0029	0	0	0	0	0	0.0042
DC	0.0117	0.0262	0.0412	0.0643	0.0183	0.021	0.0194	0.0222	0.0262	0.0252	0.041	0.0183	0.0567	0	0.0512	0.0334	0.0463	0.0158	0.0263	0.0249	0.054	0.0086	0.0079	0.014	0.0453	0.0429	0.0062	0.0212	0.0405	0.0241	0.0499	0.0202	0.0188	0.0365	0.0036	0.0197	0.0339	0.0145	0.0186	0.0312	0.0317	0.0255	0.032	0.0138	0.0185	0.0279	0.0155	0.0251	0.009	0.0338	0.027	0.0237	0.0309	0.0109	0.0301	0.0221	0.0243	0.0233	0.0206	0.0338	0.0388	0.0302	0.0254	0.0408	0.0195	0.0233	0.0185	0.0239	0.0291	0.0458	0.0177	0.0622	0.0664	0.0589	0.0223	0.0847	0.0863	0.0554	0.0337	0.0559	0.0335	0.0061
Endothelial cells	0.0555	0.1108	0.0939	0.1013	0.0352	0.0267	0.0227	0.0544	0.0419	0.0227	0.056	0.0373	0.1094	0	0.024	0.0312	0.0352	0.0423	0.0063	0.0098	0.0374	0.013	0.0081	0.0135	0.0475	0.016	0.1161	0.0168	0.0221	0.0204	0.0195	0.021	0.0082	0.0266	0.0712	0.0196	0.0172	0.0295	0.0088	0.0307	0.0206	0.0121	0.0154	0.0344	0.0166	0.0256	0.0128	0.0192	0.049	0.0366	0.0257	0.0316	0.0078	0.0231	0.0084	0.0225	0.0109	0.0136	0.0334	0.0244	0.0145	0.0085	0.0182	0.0203	0.015	0.0389	0.0103	0.0177	0.0181	0.0067	0.1824	0.0342	0.0562	0.0433	0.0302	0.12	0.09	0.0096	0.1764	0.0531	0.0324	0.0505
Eosinophils	0	0	0	0	0	0.0236	0	0	0	0	0	0.0303	0	0	0.0249	0.0061	0.009	0	0.0019	9e-04	0	0	0.0222	0.0014	0	0.0107	0	0.0093	0.0126	0.0123	0.0103	0	0.0039	0.0074	0	0.0064	0	0	5e-04	0.0069	0	0.0063	0.0175	0	0	0	0	0.0061	0.0062	0.0127	0.0067	0.0048	0	0	0.0148	0	0.0056	0	0	0	0	0.0109	0	0.0046	0.0055	0.0041	0	0	0	0	0	0	0	4e-04	0.0019	0	0.0026	0	0	0	0	0
Epithelial cells	0.1548	0.0711	0	0.005	0.1899	0.2025	0.1598	0.1145	0.1758	0.2204	0.1111	0.193	0.1313	0.1828	0.1437	0.0712	0.1492	0.212	0.2222	0.2091	0.1502	0.1991	0.2125	0.2126	0.1318	0.1917	0.0579	0.189	0.0998	0.1804	0.2081	0.2166	0.225	0.2185	0	0.2176	0.2127	0.2215	0.226	0.2285	0.2379	0.2206	0.2162	0.2253	0.2227	0.1918	0.2253	0.2255	0.0316	0.1763	0.2227	0.2129	0.2358	0.2311	0.2158	0.2253	0.2287	0.2286	0.2187	0.2239	0.224	0.2275	0.2093	0.2089	0.2196	0.216	0.2089	0.2355	0.2088	0.0508	0	0.1807	0.0849	0.068	0.0923	0	0.0542	0.1721	0.001	0.2178	0.2124	0.1809
Erythrocytes	0	0	0	0	0.0012	0.0056	8e-04	0	8e-04	0.0011	3e-04	9e-04	0	0	0	0	0	0.0034	0.0041	0.0068	0.0015	0.0041	0.0088	0.0031	0.0016	5e-04	2e-04	0.0023	0	0.0026	0.0034	0.0022	0.0031	0.0042	0	0.0048	0.005	0.0056	0.004	0.0034	0.0087	0.0063	0.001	0.0052	0.0087	0.0103	0.0025	0.0042	0	0.0087	0.0029	0.0041	0.0081	0.0041	0.0035	0.0079	0.0078	0.0062	0.0081	0	0.0053	0.0061	0.004	0.0077	0.0023	0.0039	0.0043	0.007	0.0013	0	0	0.0071	2e-04	0.0012	0	0.0027	0	0.0016	0	0.0065	0.0023	0
Fibroblasts	0.2071	0.3132	0.1446	0.376	0.1217	0.0725	0.1004	0.2233	0.0694	0.0404	0.1875	0.0961	0.1206	0	0.0796	0.1324	0.0333	0.1784	0.0417	0.0148	0.059	0	0.0364	0.1101	0.1182	0.0687	0.3551	0.0595	0.0956	0.0446	0.0445	0.0341	0.0146	0.0083	0.4288	0.0147	0	0.0932	0	0.0643	0.1041	0.0299	0.0106	0.1049	0.0232	0.0903	0.0478	0.0869	0.1915	0.0945	0.0305	0.1035	0.049	0.0479	0	0.071	0.035	0.0813	0.1585	0.0732	0.1091	0.0435	0.0051	0.0982	0	0.1102	0.029	0.1257	0.0936	0.1108	0.4411	0.0545	0.1476	0.1458	0.0961	0.3142	0.2464	0.0717	0.3116	0.146	0.054	0.103
GMP	0.0081	0.0226	0.0838	0.0386	0.0255	0.1922	0.1248	0.1953	0.0347	0.1487	0.1405	0.095	0.1077	0	0.1745	0.1135	0.0514	3e-04	0.0464	0.0605	0.0455	0.0812	0.0736	0.0486	0.0644	0.0303	0.1483	0.0569	0.0674	0.0571	0.1326	0	0.0558	0.0747	0	0.0845	0.0305	0.0166	0.0243	0.0591	0.0154	0.0166	0.082	7e-04	0.0626	0.0192	0	0.076	0.142	0.1613	0.0295	0.0697	0.0036	0.0315	0.071	0.0112	0.0683	0	9e-04	0	0.0436	0.0446	0.0688	0.0258	0.1225	0.0525	0.0077	0.0036	0	0	0.0365	0.0296	0.2393	0.1356	0.081	0.14	0.1646	0.0206	0	0	0.0345	0.0415
Hepatocytes	0.0045	0.0104	2e-04	0.0022	0	3e-04	0	0	0.0065	0.0074	0.0036	0.0081	0.0029	0.0113	0.0049	7e-04	0.0059	0.0033	0	0.0028	0.0043	0	0.0025	0	0	0.0131	0.0016	0.0013	0.0045	0.0022	3e-04	0.0027	0.002	5e-04	0.0027	0.001	0.0032	5e-04	0	0.0019	0.001	0	0.0033	0.0011	4e-04	0	0.0022	0	0.0043	0	6e-04	0.001	9e-04	0.0028	0	0	9e-04	0.0019	0	0	4e-04	0.0019	0.0032	0	0	0.0019	0.0019	8e-04	0.0016	0.0028	0.0066	0.0015	0.0034	0.0021	3e-04	0.0042	0.001	0.0024	0.0032	0.0024	0.0013	0.0087
HSC	0.2145	0.3878	0.159	0.2579	0.2374	0.0956	0.1356	0.3288	0.1847	0.069	0.2003	0.067	0.2067	0.0199	0.0446	0.1597	0.0044	0.1189	0.094	0.0359	0	0	0.1485	0.1753	0.1052	0.0517	0.4145	0.0675	0.0833	0.1117	0.1127	0.0231	0.1022	0.0961	0.3176	0.0866	0.0968	0.162	0.0233	0.0869	0.2171	0.0637	0.0792	0.104	0.0831	0.2033	0.1559	0.0354	0.2606	0.0786	0.0708	0.1957	0.0699	0.11	0.0785	0.0673	0.042	0.0982	0.2681	0.1286	0.1265	0.0947	0.056	0.0394	0.0878	0.1704	0.1112	0.0916	0.1458	0.1201	0.618	0.1226	0.2563	0.154	0.1993	0.4182	0.2652	0.0901	0.2785	0.2028	0.0633	0.2631
iDC	0.3858	0.7528	0.6261	0.6438	0.4739	0.4214	0.4066	0.4021	0.361	0.3602	0.4971	0.258	0.6622	0	0.5722	0.6824	0.6011	0.3089	0.3956	0.3351	0.7077	0.1578	0.1816	0.4128	0.7175	0.5136	0.2633	0.429	0.6547	0.327	0.74	0.3391	0.3961	0.6397	0.3109	0.3313	0.4812	0.3455	0.3215	0.5348	0.5348	0.4813	0.2621	0.3277	0.4222	0.5181	0.3346	0.5611	0.3585	0.5036	0.5181	0.4661	0.5765	0.2104	0.509	0.4161	0.4655	0.3272	0.5518	0.5191	0.6527	0.3603	0.3609	0.7106	0.383	0.3242	0.3227	0.4921	0.5486	0.8012	0.5734	0.691	0.736	0.808	0.5316	1.1624	0.8991	0.5813	0.571	0.8792	0.4881	0.1982
Keratinocytes	0.0287	0.0041	0	0	0.0404	0.0387	0.025	0.0208	0.0288	0.0423	0.0169	0.0307	0.0265	0.0296	0.0196	0.0116	0.0217	0.0396	0.0381	0.0377	0.0239	0.0259	0.0308	0.0324	0.0193	0.0257	0.0054	0.0275	0.015	0.0357	0.0395	0.0327	0.0403	0.0522	0	0.0376	0.0363	0.0474	0.0386	0.0444	0.0591	0.0364	0.0348	0.0465	0.0361	0.0423	0.0482	0.0575	0.0043	0.033	0.0419	0.0378	0.0476	0.041	0.0361	0.0403	0.0478	0.0622	0.0467	0.0592	0.0548	0.0539	0.0352	0.0369	0.0375	0.0436	0.0337	0.0592	0.0352	0.0092	0	0.0295	0.0145	0.0079	0.0151	0	0.0152	0.0259	0	0.0428	0.0476	0.0331
ly Endothelial cells	0.0586	0.114	0.0756	0.0892	0.0318	0.025	0.0252	0.0652	0.0146	0.0229	0.0503	0.0467	0.0755	0	0.0169	0.0294	0.0273	0.0315	0.008	0.0119	0.0371	0.0167	0.0113	0.0146	0.0421	0.0152	0.1086	0.0211	0.0241	0.0129	0.0226	0.0168	0.0105	0.0144	0.0641	0.0141	0.0178	0.0195	0.0044	0.0213	0.0163	0.011	0.0199	0.0206	0.0158	0.0243	0.0112	0.0114	0.0406	0.0302	0.0221	0.0367	0.0052	0.0233	0.0055	0.0176	0.0152	0.0069	0.0267	0.0187	0.0135	0.0146	0.0279	0.0184	0.0106	0.0212	0.0077	0.0201	0.013	0.0158	0.1773	0.0474	0.0529	0.0355	0.0272	0.1101	0.0711	0.0263	0.1305	0.0428	0.0204	0.0472
Macrophages	0	0	0	0.0053	0	0	0	0	0	0	0	0.004	0	0	0.0043	0	0.0031	0	0	0	0.0076	0	0	0	0	0	0	0	0	0	0	0	0	0	0	0	0.0011	0	0	0	0	0	0.0023	0	0	0	0	0	0	0	0	0	0	0	0	0	0	0.0039	0	0	0	0.0067	0.0119	0	0	0	0	0	0	0	0	0	0.0038	0	0	0	0	0	0	0	5e-04	0
Macrophages M1	0.0013	0.0084	0.0026	0.0072	0.0025	0	0.0013	0	0	7e-04	0	0.0052	0	0	0.0074	0.0054	0.0119	0.0044	0.0014	0	0.0048	0.002	0	0	0.0056	0.0021	0	0.0025	0.0063	0.0023	0.0021	0.0088	0.0025	0.0039	0	0.0092	0.0084	0.0078	0.0069	0.0054	0.006	0.0102	0.0065	0.008	0.007	0.0011	0.0041	7e-04	0.0036	0	0.0121	0.0103	0.0073	0.0013	0.0061	0.008	0.0068	0.0117	0.0094	0.0075	0.0024	0.0071	0.0136	0.0065	0.0012	0.0075	0.0042	0.0066	0	0.002	0	7e-04	0.0026	0.0033	0	0	0	0	0.0062	0.0163	0.0095	0.0023
Macrophages M2	4e-04	0.0139	0.0077	0.003	0	0	0	0	0.0072	0.0013	0.0032	0.0115	7e-04	0.0101	0.0086	0	0.01	9e-04	0	0	0.0155	0	8e-04	0	0	0.0106	0	0	0.0051	0	0	0	0	2e-04	0	0	0	0	0.001	0.0021	7e-04	0	0	0	0	0	8e-04	0	0	0	0.0013	0.0022	0	0	0.0109	0.0028	0	0.0021	3e-04	3e-04	0	0.0062	0	0	0	1e-04	0	6e-04	0	4e-04	0.0045	3e-04	0	0	0	0.0077	0	0	0.0135	4e-04	0	1e-04
Mast cells	0.009	0.0129	0.0272	2e-04	0	0	0.0042	0	0.0174	0.0029	0.0032	0.0073	0.0069	0	0.0023	0.0128	0	0.0037	0	0.0099	0.0035	0.0042	0.0106	0.0077	0.0151	0	0.0132	0.0029	0.0088	0.0015	0.01	5e-04	0	0	0	0.0037	0	0	1e-04	0.0069	0	0	0.0022	0.0044	0.0031	0	0	0.0029	0.0102	0.0033	0.0074	0.0032	0	1e-04	0	2e-04	0.0017	0	0	0	0	0	0	0	0	0	0.0026	0	0	0.005	0.0143	0.0026	0.0394	0.032	0.0198	0.0089	0.0344	0.0045	0	0	0.0067	0.0025
Megakaryocytes	0	0	0	8e-04	0	0	0	0	0.003	0	0	0.0018	0.0046	0	0	6e-04	0	0	0	0	0	0	0	0	0.0024	0	0	0	0.0029	7e-04	0	0	0	1e-04	0.0026	0	0.0015	7e-04	0	0.001	0	0	0.0032	0	9e-04	0.0033	0	0	0.0013	0	0	0	0	0	0	0	0.0011	0.0025	0.0014	0.0014	5e-04	0	0	0	0.0018	0	0	0	0	0	0.0055	0.003	0	4e-04	0	0	8e-04	0	0.0148	0.001	1e-04	0.0028
Melanocytes	0	0	0.0045	0.008	0.0026	6e-04	0	0.0024	0.002	0.0026	0	9e-04	0.0013	0	0	0	0	0.0011	0.0013	0	0	0	0.002	0	0.0022	0	0.0168	0.0023	0	0	0	0.0021	0	0	0.0026	0	0	0	8e-04	5e-04	0.0016	0	0.0015	0	0	0.0011	0	0	0.0035	0.0042	0.0011	0	0	0	0	0	0	0.0015	0	5e-04	0.0013	0	0	0	0	6e-04	0.001	0.0025	4e-04	0.0044	0.0043	0	0.0014	0.0022	4e-04	0.0038	0.0068	8e-04	0.0107	0	1e-04	0
Memory B-cells	0.2554	0.0247	0.3278	0.1706	0.1751	0.0818	0.2292	0.068	0.1399	0.0736	0.2726	0.0699	0.0711	0.0206	0.1588	0.424	0.0921	0.1883	0.1459	0.1659	0.1222	0.041	0.0431	0.1854	0.2444	0.0638	0	0.2306	0.3653	0.1846	0.0698	0.0654	0.0658	0.0923	0	0.0664	0.0171	0.0395	0.0556	0.0622	0.0448	0.0471	0.0836	0.0726	0.0372	0.2255	0.0238	0.1913	0.3174	0.0955	0.0549	0.0474	0.0831	0.0405	0.0505	0.0326	0.0568	0.0639	0.0175	0.1592	0.051	0.0535	0.0245	0.1097	0.0915	0.0716	0.0265	0.1084	0.1379	0.4585	0	0.0781	0.3287	0.4001	0.4639	0.1584	0.3548	0.1761	0.1132	0.0722	0.0628	0.0205
MEP	0.0275	0.0311	0	0.0098	0.0236	0	0.044	0	0.0014	0.0407	0.014	0.0169	0.0297	0	0.0048	0.0142	0.0543	0.0475	0.0302	0.0243	0.0485	0.0112	0.0306	0	0.0059	0.0045	0.0053	0.0014	0	0.021	0.0319	0.0331	0.0231	0.0544	0.0019	0.0491	0.0353	0.0524	0.0354	0.0467	0.0532	0.0303	0.0045	0.044	0.0312	0.0852	0.0536	0.0383	0	0.0234	0.0296	0.0431	0.0566	0.0425	0.0136	0.0433	0.0213	0.0934	0.084	0.0468	0.0376	0.0165	0.0138	0.059	0.0215	0.0377	0.0317	0.0411	0.0761	0.0478	0.0464	0.0199	0.0236	0.0312	0.0085	0.016	0.0027	0.0294	0	0.047	0.0572	0.0456
Mesangial cells	0.0178	0.0127	0	0	0.008	0.0092	0.0143	0	0	0.0067	0	0.0323	0.0081	0	0.0141	0.0118	0.0041	0.0111	0.0072	0.0098	0.0155	0	0	0	0	0.0197	0	0.0027	0.0134	0.0083	0	0.0273	0.0093	1e-04	9e-04	0.0184	0	0.0053	0.0088	0.0171	0	0.022	0.0069	0.0083	0.0138	3e-04	0.0092	0.0231	0.006	0	0.0109	0.0155	0.0126	0.006	0.0047	0.0038	0.006	0	8e-04	0.0011	0.0035	0	0	0.0171	0.0044	0	0.0061	0.0046	0	0	6e-04	4e-04	8e-04	0	5e-04	0	0.0044	0.0042	0	0.0137	0	0.0181
Monocytes	0	0	0.0158	0.0565	0	0	0	0	0	0.0232	0	0.0028	0.0461	0	0.0214	0	0	0	0	0	0.0222	0	0	0	0	0	0	0	0	0	0	0	0	0	0	0	0	0	0	0	0	0	0	0	0	0	0	0	0	0.0227	0	0	0	0	0	0	0	0	0	0	0	0	0	0	0	0	0	0	0	0	0	0	0.0053	0	0	0.0789	0	0	0.0518	0	0	0
MPP	0.0546	0	0.0702	0.0466	0.0482	0.0315	0.0973	0.0096	0	0	0.0653	0.0154	0	0	0.0749	0.0989	0.0285	0.0691	0.0626	0.0718	0.0616	0.0228	0.0115	0.0261	0.0723	0.0705	0	0.0836	0.0909	0.0836	0	0.0099	0.0326	0.0058	0	0.0196	0	0	0.0064	0.0114	0	0	0.0515	0.0191	0	0.0556	0	0.106	0.0615	0	0.0327	0	0.0463	0	0.0509	0.0067	0.016	0.0111	0	0.074	0.0091	0.0362	0	0.0871	0.0737	0.034	0	0.0462	0.0502	0.0912	0	0	0.1055	0.0853	0.0667	0.0116	0.0622	0.0611	0	0	0.0252	0
MSC	0	0	0.1105	0.0685	0	0	0	0.1026	0.0558	0	0	0.0126	0	0	0	0	0	0	0.0564	0	0	0	6e-04	0.137	0.0366	0	0.0705	0	0	0	0	0	0	0	0	0	0	0	0.015	0	0.0139	0	0.0192	0	0	0.01	0	0	0.0883	0.1157	0.0424	0	0	0.0342	0	0	0	0.0071	0	0.0532	0	0	0	0	0	0.1273	0.0394	0.0132	0.0017	0.0248	0	0	0.0818	0	0.0881	0.0887	0.0697	0.0691	0.1501	0	0.0428	0
mv Endothelial cells	0.0331	0.0579	0.056	0.0598	0.0246	0.0216	0.0243	0.0357	0.0253	0.0198	0.0422	0.0413	0.0634	0	0.0221	0.043	0.0327	0.0324	0.0075	0.013	0.0349	0.0101	0.006	0.0115	0.0372	0.016	0.0614	0.0154	0.0248	0.0171	0.025	0.018	0.0141	0.0255	0.061	0.0232	0.0175	0.0298	0.0143	0.0227	0.0244	0.0144	0.016	0.0197	0.0138	0.0311	0.022	0.0208	0.04	0.0248	0.0206	0.0243	0.0182	0.0192	0.0094	0.0242	0.0214	0.024	0.0284	0.0266	0.0141	0.0174	0.022	0.0208	0.0142	0.0199	0.011	0.0185	0.0204	0.027	0.0745	0.0148	0.0465	0.0407	0.0329	0.0792	0.0568	0.0132	0.0701	0.0391	0.0247	0.0415
Myocytes	0.0419	0.0134	0.0205	0.0399	0.0291	0.0021	9e-04	0.0034	0.0275	0.0126	0.0157	0.0053	0.0041	0.0076	0	0.0017	7e-04	0.0029	0.0048	0.0015	0	0.022	0.0088	0.0268	0	0.0071	0.02	0.0049	0.0059	0.0042	0.0184	0.0113	0.0042	0.0183	0.0515	0.0037	0	0.0117	0.006	0.0069	0.0248	0.0119	0.0139	0.0014	0.0074	0.0274	0.0102	0.0038	0.0224	0	0.0033	0.0094	0.0072	0.0064	0.0078	0.011	0.0102	0.0051	0.0126	0.0333	0.0509	0.0099	0	0.0119	0.0033	0.0294	0.0214	0.0184	0.0099	0.0113	0.0621	0.0189	0.0138	0.0012	0	0.0595	0.0178	0.0246	0.0332	0.0062	0.0168	0.0126
naive B-cells	0.0336	0.0043	0.0057	0	0	0	0.015	0	0.0011	0	0.0062	0	7e-04	0	0.0042	0.0699	0	0	0	0	0	0.0053	0	0	0	0	0	0.0269	0.0415	0.014	0	0	0	0	0	0	0	0	0	0	0	0	0	0	0	0.0174	0	0	0.0557	0	0	0	0	0	0	0	0	0	0	0.0108	0	0	0.0012	0	0	0	0	0	0	0.0633	0	0	0.0571	0.0341	0.0651	0	0.0569	0.0049	0	0	0	0
Neurons	0.0014	0.0047	0	5e-04	0.001	0.0016	9e-04	0.0049	7e-04	5e-04	0.0015	1e-04	0	1e-04	0	8e-04	2e-04	0.0023	0.0021	9e-04	9e-04	0.0027	0.0014	1e-04	0	0.0012	0.0097	0.001	4e-04	3e-04	3e-04	0.0013	0.0012	7e-04	0.0372	0.0011	2e-04	0.001	0.0011	0.0017	0.0016	0.0021	0.0036	0.0026	0.0019	0.0019	7e-04	5e-04	0.0014	1e-04	0.0016	2e-04	0.0018	0.0015	0.0032	0.0016	0.0023	0.002	0.0035	0.0016	0.0038	0.0021	0.0016	0.0025	0	0.0014	6e-04	0.0018	0.0024	2e-04	0.0163	0.0029	5e-04	7e-04	0	0.0012	8e-04	0.0026	0.0024	0.0019	1e-04	0.002
Neutrophils	0	0	0.0079	0.0203	0	0.0036	0	0	1e-04	0.0623	0.0097	0.0069	0.0247	0	0.0056	0	0.0029	0	0	0	0.0093	0	0	0	0	0.0052	0	0	0	0	0	0	0.0028	0.005	0.0048	0	0.0054	0	0	0.002	0.0053	0.0015	0	0	0.0039	0	2e-04	0	0	0.0029	2e-04	3e-04	0	0	0	0.0021	0.0014	0.0012	0	0	0.002	3e-04	0.0034	0	0	0	0	0.0011	0	0	0.0048	0.002	0	0	0	0.0417	0	0	0.0018	0.0025	0.0015	0
NK cells	0	0	0	0	0	0	0	0	0	0	0	0	0	0.008	0	0	0	0	0	0	0	0	0	0	0	0	0	0	0	0	0	0	0	0	0	0	0	0	0	0	0	0	0	0	0	0	0	0	0	0	0	0	0	0	0	0	0	0	0	0	0	0	0	0	0	0	0	0	0	0	0	0	0	0	0	0	0	0	0	0	0	0
NKT	0	0	0	0.0014	0.0076	0.0087	0	0.0736	0	0.0296	0.0074	0.0164	0	0.0129	0.0207	0.0137	0.0428	0.0169	0.0364	0.0121	0.04	0.0425	0.1023	0.0238	0.011	0.0625	0.039	0.0179	0.0052	0.0356	0.0092	0.003	0.0521	0.0062	0.0287	0.0176	0.0242	0	0.0236	0.0064	0.0576	0.0164	0.0336	0.0043	0.0277	0.0176	0.0185	0.0084	0.0335	0.0783	0.024	0	0	0.0166	0	0.0042	0.0069	0.0192	0	0.0182	0.0019	0.0147	0.0523	0.0431	0.0157	0	0.0125	0.0076	0.0483	0.0294	0.0932	0.071	0.0367	0.0271	0.0182	0.0591	0.0254	0.0181	0.0534	0.0273	0.0404	0.0272
Osteoblast	0	0	0.0227	0	0	0	0.0026	0	0	0.0048	0.0152	0.0139	0	0.0275	0	0	0.0103	0	0.007	0.0071	0.0174	0	0	0	0	0.0071	0	0	0	0.0087	0	0.0038	0.0105	0.0208	0.0394	0.0193	0.0229	9e-04	0.0304	2e-04	0.0037	0.0125	0.0129	0.0062	0.0099	0	0.0217	0	0	0	0.0272	0.0089	0.0266	0.0172	0.0039	0.0141	0.0118	0.0236	0	0.0243	0.0042	0	0	0.043	0.0255	0	0.0095	0	0.0507	6e-04	0	0	0	0	0	0	0	0	0	0	0	0
pDC	0.0303	0	0.0665	0.0447	0	0.0082	0	0	0.0221	0.0123	0	0	0.0341	0.0096	0.0124	0.008	0.0691	0	0.0024	0	0.0996	0	0	0	0.0147	0.0238	0	0.0128	0.0189	0	0.0025	0.0102	0.0037	0.0128	0	0.0084	0.0377	0	8e-04	0.0042	0.0294	0.0066	0	0	0.011	0.0325	0	0.0057	0.0061	0.0095	0.0187	0	0	0	0.0015	0	0.0144	0.0217	0.0102	0	0	0.02	0.0615	0.0011	0.0092	0	0	0.0032	0.0132	0.0109	0	0	0.0819	0.0775	0.0026	0	0	0.0132	0.0131	0	0.0395	0
Pericytes	0.142	0.1052	0.1258	0.2154	0.0401	0.0494	0.0387	0.1116	0.0625	0.0453	0.1896	0.0953	0.0942	0.083	0.056	0.114	0.1106	0.1025	0.0603	0.0431	0.1283	0	0.0696	0.1126	0.0554	0.1145	0.3214	0.0904	0.1135	0.0331	0.0404	0.0345	0.0414	0.0499	0.2625	0.0602	0.04	0.0318	0.0225	0.0678	0.0351	0.0296	0.0497	0.0663	0.0265	0.041	0.0545	0.0859	0.0919	0	0.0922	0.0939	0.0381	0.018	0	0.0728	0.0334	0.0357	0.0837	0.08	0.0179	0.043	0.0587	0.0442	0.0148	0.0593	0.0098	0.0628	0.0725	0.1116	0.1928	0.0138	0.0501	0.1515	0.0375	0.2183	0.1721	9e-04	0.1382	0.0714	0.057	0.0954
Plasma cells	0.0179	0.0138	0.136	0.0752	0.0125	0.0338	0.0391	0.077	0.0449	0.0753	0.0992	0.0172	5e-04	0.0013	0.0269	0.0275	0.0411	0.047	0.0423	0.0455	0.0538	0.0239	0.0703	0.0298	0.0563	0.0242	0.019	0.0262	0.0292	0.0175	0.0277	0.0248	0.0392	0.0259	0	0.0293	0.0065	0.0032	0.0089	0.0134	0.0166	0.0191	0.0508	0.0107	0.0288	0.027	0.001	0.0047	0.03	0.06	0.0229	0.012	0.0166	0.0035	0.0187	0.0169	0.0262	0.0309	0.0088	0.0309	0.0335	0.0065	0.0301	0.0363	0.0218	0.0036	0.0175	0.0176	0.0274	0.0168	0	0.029	0.0233	0.049	7e-04	0.0666	0.0145	0.0376	0.0391	0.0312	0.0079	0.0146
Platelets	0	0	0	0	0	0	0.0045	0	0	0	0	0	0	0.0018	0	0	0	0	0	0	0	0	0	0	0	0	0	0	0	0	0	0	0	0	0	0	0	0	0.0063	0	0	0.0077	0.0056	0	0	0	0	0	0	0	0	0	0.0176	0.0076	0.0026	8e-04	7e-04	0	0	0	0	0.015	0	0.003	0	0	0	0	0.0083	0	0	0	0	0	0.0051	0	0	0	0.0148	0	0	0.0034
Preadipocytes	0.0538	0.0824	0.0482	0	0.0079	0	0	0	0.0168	0	0	0.0279	0.0409	0.042	0.0418	0	0.0704	0.0485	0	0	0.0243	0	0	0	0	0.0033	0	0	0.0024	0.0159	0.0115	0.0047	0	0.011	0.1442	0	0.0264	0.0078	0	0	0.0077	0	0	0	0	0.0202	0.0078	0	0	0	0	0	0	0	0	0	0	0.0476	0	0	0.1335	0	0	0	0	0.0144	0	0	0	0	0.1621	0	0	0	0	0.1823	0	0	0.2029	0	0.0109	0.0774
pro B-cells	0.0868	0.0054	0.1286	0.1331	0.0408	0.0125	0.0526	0	0.0377	0.0237	0.0941	0.0274	0.01	0	0.069	0.1878	0.0217	0.04	0.046	0.0615	0.0405	0.0158	0.0037	0.0237	0.1075	0.0195	0	0.0925	0.1478	0.0768	0.0023	0.0133	0	0.0148	0	0.01	0	0	0.0072	0.0153	0.0041	0	0.042	0.023	0	0.0897	0	0.0759	0.1119	0.0242	0.0082	0	0.029	0	0.0216	0.0036	0.0061	0.0473	0	0.087	0.0175	0.0434	0.021	0.0345	0.0222	0.0107	0	0.0389	0.059	0.2636	0	0	0.1907	0.2097	0.2727	0.0735	0.2256	0.0775	0.0715	0.0146	0.009	0
Sebocytes	0.0195	0.0012	0	0.0061	0.0198	0.0176	0.0097	0.0107	0.022	0.0276	0.0115	0.0087	0.022	0.0026	0.0138	0.0024	0.015	0.024	0.0159	0.0189	0.0165	0.0072	0.0097	0.0177	0.0106	0.0089	0	0.0083	0.0035	0.0094	0.0162	0.0151	0.0117	0.0145	0	0.0132	0.0108	0.0185	0.0151	0.0169	0.0227	0.0102	0.0081	0.0181	0.0148	0.0133	0.0165	0.0206	4e-04	0.0243	0.016	0.0085	0.0269	0.0114	0.0122	0.0169	0.0126	0.0247	0.0263	0.0231	0.0247	0.0268	0.0124	0.019	0.0156	0.0157	0.0165	0.0289	0.0165	0.0089	0	0.0226	0.0143	0.0117	0.0126	0	0.0065	0.0139	0.0013	0.0223	0.0275	0.0079
Skeletal muscle	5e-04	0.0089	0.0157	0.0201	0	0	0	0.0069	0.0224	0.0113	0.0126	0.0089	5e-04	0.0061	0	0.0124	0.0062	0.0011	0.0142	0.0065	0	0.0277	0.0381	0.0234	0.0218	0	0.0065	0.0045	0	0	2e-04	0.0141	0.0017	0	0.0192	1e-04	0.0026	0.0083	0.0138	0.0027	0.0167	0.0011	0.0303	0	0	0.0243	0.0051	0.007	0.0195	0.0152	0.0098	0.0036	0.0093	0.0029	0.0143	0.0109	0.0013	0.0127	0	0.0195	0.0082	0	0.0079	0.0098	0	0.0047	0.0104	0.0106	0.027	0.0106	0.0425	0	0.0071	0.0068	0	0.0292	0.0284	0.0174	0.0058	0.0035	4e-04	4e-04
Smooth muscle	0.0296	0.0233	0	0	0.1892	0.1006	0.0929	0.1184	0.0716	0.0835	0.116	0	0	0	0.0449	0	0.0108	0.102	0.0773	0.0839	0	0.1503	0	0.0102	0.0935	0	0.0693	0.0385	0	0.1082	0.1449	0.095	0.079	0.1555	0.3118	0.0914	0.1293	0.1201	0.1341	0.093	0.0684	0.1015	0.0452	0.1069	0.1266	0.077	0.1159	0.0533	0	0.0541	0.0802	0.0442	0.124	0.0989	0.1242	0.1289	0.1034	0.0955	0.0904	0.0166	0.1159	0.1391	0.0618	0.0611	0.0873	0.0747	0.1096	0.0879	0.0584	0	0.1266	0.0935	0	0	0	0.0136	0.0168	0.0475	0	0.1228	0.0739	0.1045
Tgd cells	0	0	0.0077	0	0	0	0	0	0	0	0	0	0	0	0	0	0	0	0	0	0	0	0	0	0	0	0	0	0	0	0	0	0	0	0	0	0	0	0	0	0	0	0	0	0	0	0	0	0	0	0	0	0	0	0	0	0	0	0	0	0	0	0	0	0	0	0	0	0	0	0	0	0	0	0	0	0	0	0	0	0	0
Th1 cells	0	0	0.0252	0.0123	0	0	0	0	0	0	0	0.0041	0.021	0	0.0052	0.0233	0.0104	0	0	0.014	0.0059	0	0	0.0209	0.0094	0.0046	0.0018	0.0069	0	1e-04	0	0.0116	0.0054	0	0	0.0146	0.0075	0	0.0245	0.0094	0	0.014	0.0017	0.0038	0.0048	0.0019	0	0.01	0	2e-04	0.0062	0	0.0037	0.001	0	0	0	0	0	0.0065	0	0	0	0	0	0.0172	0	0	0	0.0305	0	0	4e-04	0.0172	0.0207	0.0032	0	0	0	0	0.0106	0
Th2 cells	0.023	0.0111	0.1222	0	0.0248	0.0478	0.0449	0	0.048	0.0733	0.0506	0.005	0.0146	0.0798	0.0305	0.1092	0.0564	0.039	0.0261	0.0077	0.1503	0.0333	0	0	0.0376	0.0203	0	0.0216	0.0192	0.0612	0.0279	0.0066	0.014	0.1121	0.0077	0.0395	0.0701	0.0826	0.0291	0.0165	0.07	0	0.0533	0.0393	0.0618	0.0909	0.069	0.0557	0.0361	0.0376	0.0206	0.0268	0.0079	0.02	0.0151	0.0179	0.0328	0.0952	0.1289	0.1126	0.0388	0.0473	0.1212	0.0616	0.0434	0	0.0228	0.0487	0.1194	0.2554	0	0.0206	0.1524	0.1011	0.1041	0.0338	0.0365	0.0612	0	0.0357	0.0714	0.0111
Tregs	0	0	0.0205	0.0041	0.0059	0	4e-04	0	0	0	0.0016	0	0	0	0.0185	0	0.0213	0.0184	0	0	0.0309	0	0.0264	0	0.0367	0	0	0	0	0	0.0043	0	0	0	0	0	0	0	9e-04	0	0	6e-04	0	0	0	0	0	0	0	0.0769	0	0	0	0	0.0039	0	0	0	0	0	0	0.0266	0	0	0	0	0	0	0	0	0	0.0201	0	0.066	0	0.0196	0.0349	0	0.0142	0	0	0
